道明寺	1	1	0
八木西口	2	1	1
京都	1	2	1
白子	2	2	2
大和西大寺	1	27	2
米野	2	27	3
吉野	1	28	3
服部川	2	28	4
橿原神宮前	1	43	4
田原本	2	43	5
湯の山温泉	1	44	5
柏原	2	44	6
中川原	1	52	6
王寺	2	52	7
大和八木	1	55	6
伊勢中川	2	55	19
伊勢中川	1	1	0
信貴山口	2	1	1
平田町	1	2	1
王寺	2	2	2
京都	1	3	2
船津	2	3	3
富雄	1	4	3
佐古木	2	4	4
駒ヶ谷	1	5	4
柏原南口	2	5	5
大和西大寺	1	32	5
田原本	2	32	6
近鉄名古屋	1	33	6
賢島	2	33	18
津	1	38	18
河内山本	2	38	20
高安	1	39	20
泊	2	39	21
吉野	1	40	21
橿原神宮前	2	40	22
南生駒	1	41	22
近鉄新庄	2	41	23
大和八木	1	77	23
大阪阿部野橋	2	77	24
ファミリー公園前	1	83	23
宇治山田	2	83	24
川越富洲原	1	98	23
松阪	2	98	33
富田林西口	1	99	33
新石切	2	99	34
壺阪山	1	111	34
道明寺	2	111	48
浮孔	1	112	48
大阪難波	2	112	49
南日永	1	113	49
萩の台	2	113	56
学研北生駒	1	114	56
楠	2	114	57
橿原神宮西口	1	116	57
小古曽	2	116	59
湯の山温泉	1	117	59
海山道	2	117	62
富田林	1	118	62
学研奈良登美ヶ丘	2	118	63
近鉄四日市	1	133	63
近鉄奈良	2	133	64
大阪上本町	1	134	64
滝谷不動	2	134	65
伊勢若松	1	154	61
近鉄日本橋	2	154	62
畝傍御陵前	1	156	62
生駒	2	150	74
長田	1	151	74
高田市	2	148	78
松ヶ崎	1	150	78
二上神社口	2	150	79
中之郷	1	151	79
平端	2	142	94
汐ノ宮	1	145	93
石切	2	145	94
瓢箪山	1	146	94
東花園	2	145	99
二階堂	1	146	99
岡寺	2	146	100
二上山	1	148	100
鳥羽	2	147	106
近鉄御所	1	148	106
当麻寺	2	148	107
俊徳道	1	154	106
若江岩田	2	154	107
河内長野	1	155	107
八戸ノ里	2	155	108
河内小阪	1	156	108
鶴橋	2	156	109
河内永和	1	157	109
布施	2	134	134
古市	1	136	134
尺土	2	136	136
内部	1	140	133
天理	2	139	136
荒本	1	140	136
吉田	2	140	137
忍海	1	141	137
柏原	2	141	138
飛鳥	1	142	138
瑞江	1	1	0
新御茶ノ水	2	1	1
新木場	1	2	1
宝町	2	2	2
押上	1	3	2
西高島平	2	3	3
方南町	1	4	3
篠崎	2	4	4
市ケ谷	1	5	4
千石	2	5	17
代々木上原	1	6	17
本郷三丁目	2	6	18
高田馬場	1	7	18
竹橋	2	7	19
明治神宮前	1	9	19
新宿御苑前	2	9	20
上野広小路	1	10	20
明治神宮前	1	1	0
篠崎	2	1	1
神保町	1	2	1
西馬込	2	2	2
西高島平	1	19	2
新高円寺	2	19	3
代々木上原	1	21	3
新木場	2	21	4
門前仲町	1	22	4
国会議事堂前	2	22	5
和光市	1	23	5
銀座一丁目	2	23	10
原木中山	1	32	10
北綾瀬	2	32	11
新宿三丁目	1	33	11
荻窪	2	33	13
西船橋	1	34	13
新宿	2	34	14
東高円寺	1	35	14
四谷三丁目	2	34	17
中目黒	1	35	17
本所吾妻橋	2	35	18
小伝馬町	1	36	18
明治神宮前	1	1	0
篠崎	2	1	1
神保町	1	2	1
西馬込	2	2	2
西高島平	1	19	2
新高円寺	2	19	3
代々木上原	1	21	3
新木場	2	21	4
門前仲町	1	22	4
国会議事堂前	2	22	5
和光市	1	23	5
銀座一丁目	2	23	10
原木中山	1	32	10
北綾瀬	2	32	11
新宿三丁目	1	33	11
荻窪	2	33	13
西船橋	1	34	13
新宿	2	34	14
東高円寺	1	35	14
中野坂上	2	34	17
四谷三丁目	1	36	17
中目黒	2	36	18
本所吾妻橋	1	37	18
小伝馬町	2	37	19
